# Transformation matrix
2.598 0.000 1.500 10.000 
0.000 3.000 0.000 0.000 
-1.500 0.000 2.598 10.000 
0.000 0.000 0.000 1.000 

# Inverse transformation matrix
0.289 0.000 -0.167 -1.220 
0.000 0.333 0.000 0.000 
0.167 0.000 0.289 -4.553 
0.000 0.000 0.000 1.000 

# Sum absolute translations from original to transformed
243.1384387633

# Sum absolute translations from original to transformed to "original"
0.0000000000